0 ALOS (DAICHI)           
1 28931U 06002A   16293.89501041  .00000226  00000-0  53452-4 0  9993
2 28931  97.8722 326.9425 0001758  53.2480 306.8884 14.62259020572343
0 AQUA                    
1 27424U 02022A   16292.86310120  .00000228  00000-0  60626-4 0  9992
2 27424  98.2095 231.5376 0001829 107.8299 318.2781 14.57118959769133
0 CALIPSO                 
1 29108U 06016B   16293.19490676  .00000250  00000-0  65461-4 0  9999
2 29108  98.2101 234.1055 0001338  79.6943 280.4406 14.57099441557269
0 CBERS 4                 
1 40336U 14079A   16293.72984980  .00000044  00000-0  30496-4 0  9999
2 40336  98.4809   6.8976 0001565  73.3151 286.8208 14.35454304 97912
0 CORIOLIS                
1 27640U 03001A   16292.93063123  .00000023  00000-0  32086-4 0  9998
2 27640  98.7481 300.3988 0013029 281.5583 136.5028 14.18919688713759
0 EO-1                    
1 26619U 00075A   16293.73279326 -.00000071  00000-0 -49450-5 0  9993
2 26619  97.8636 328.0037 0010174 143.8408 216.3455 14.64311646848348
0 FENGYUN 3A              
1 32958U 08026A   16293.73689926  .00000035  00000-0  36026-4 0  9993
2 32958  98.4393 328.0828 0008539 258.3133 101.7073 14.19635248435224
0 FENGYUN 3B              
1 37214U 10059A   16293.76606407  .00000030  00000-0  37905-4 0  9990
2 37214  98.8584 247.5142 0017926 102.3253 257.9928 14.15829100308528
0 FENGYUN 3C              
1 39260U 13052A   16293.71314706  .00000032  00000-0  35755-4 0  9995
2 39260  98.6797   2.6019 0000939  48.9469 311.1786 14.19628944159265
0 GEOEYE 1                
1 33331U 08042A   16293.63231343  .00000161  00000-0  39830-4 0  9998
2 33331  98.1369   6.0962 0008952 305.4853  54.5516 14.64103974433900
0 GAOFEN 1                
1 39150U 13018A   16293.73965848  .00000306  00000-0  51164-4 0  9992
2 39150  97.9706  14.8900 0019963 108.8875 251.4501 14.76489288187769
0 GAOFEN 2                
1 40118U 14049A   16293.71333344  .00000456  00000-0  66265-4 0  9995
2 40118  97.9507  11.1701 0007625 180.8189 179.3011 14.80594114117276
0 GOSAT (IBUKI)           
1 33492U 09002A   16293.74976344 -.00000203  00000-0 -27225-4 0  9996
2 33492  98.1076  41.6505 0001058  68.8588 291.2734 14.67525479414560
0 GRACE-1                 
1 27391U 02012A   16293.81796245  .00012239  00000-0  89631-4 0  9998
2 27391  88.9979 355.8727 0002948 319.2303 141.2696 15.73025443819602
0 HUANJING 1A (HJ-1A)     
1 33320U 08041A   16293.70636058  .00000558  00000-0  86628-4 0  9992
2 33320  97.9697 356.0446 0027624  80.8407 279.5919 14.76678006437298
0 HUANJING 1B (HJ-1B)     
1 33321U 08041B   16293.72428258  .00000591  00000-0  90849-4 0  9993
2 33321  97.9742 357.1012 0036113  96.3642 264.1669 14.76745562437280
0 HUANJING 1C (HJ-1C)     
1 38997U 12064A   16293.73195153  .00006702  00000-0  15347-3 0  9992
2 38997  97.2870 320.0785 0012050 160.1076 292.0076 15.43042047220049
0 HAIYANG-1B              
1 31113U 07010A   16294.10094051  .00000036  00000-0  30946-4 0  9994
2 31113  98.5956 346.6442 0013670 186.3418 173.7598 14.30152883497151
0 HAIYANG 2A              
1 37781U 11043A   16293.65658198 -.00000064  00000-0 -19238-4 0  9993
2 37781  99.3368 302.5786 0000183  19.9361 340.1747 13.78712798260836
0 HAIYANG 2A              
1 37781U 11043A   16293.65658198 -.00000064  00000-0 -19238-4 0  9993
2 37781  99.3368 302.5786 0000183  19.9361 340.1747 13.78712798260836
0 IKONOS 2                
1 25919U 99051A   16293.75673875  .00000988  00000-0  11688-3 0  9991
2 25919  98.0521  22.7878 0006765 220.3243 139.7470 14.86937709913814
0 IRS-P5 (CARTOSAT-1)     
1 28649U 05017A   16293.68994616 -.00000632  00000-0 -70518-4 0  9990
2 28649  97.8885   5.5171 0003114  96.9401 263.2222 14.83429784620325
0 IRS-P6 (RESOURCESAT-1)  
1 28051U 03046A   16293.71155535  .00000034  00000-0  35257-4 0  9995
2 28051  98.6504   8.5236 0003121 321.9860  38.1096 14.21661686675118
0 LANDSAT 7               
1 25682U 99020A   16293.71388448  .00000074  00000-0  26487-4 0  9999
2 25682  98.2029   2.3499 0001147  65.3997 294.7327 14.57116408931570
0 LANDSAT 8               
1 39084U 13008A   16300.47617628  .00000145  00000-0  42150-4 0  9993
2 39084  98.2115   8.4310 0001382  94.6786 265.4095 14.57109994197021
0 NOAA 15                 
1 25338U 98030A   16293.50853220  .00000026  00000-0  29801-4 0  9999
2 25338  98.7853 297.9232 0010581 179.6406 180.4783 14.25759001958709
0 NOAA 16                 
1 26536U 00055A   16293.34338845  .00000027  00000-0  38023-4 0  9990
2 26536  98.8860   2.2718 0009509 285.9169  74.0955 14.13158548828880
0 NOAA 17                 
1 27453U 02032A   16293.49005651  .00000022  00000-0  27180-4 0  9995
2 27453  98.3997 261.7835 0011564 179.3012 180.8186 14.24965124744487
0 NOAA 18                 
1 28654U 05018A   16293.53826189  .00000036  00000-0  45052-4 0  9991
2 28654  99.1970 303.7031 0014774  30.1210 330.0808 14.12310234588283
0 PLEIADES 1A             
1 38012U 11076F   16293.68889970  .00000129  00000-0  37617-4 0  9995
2 38012  98.1900   6.3065 0001144  72.9610 287.1715 14.58556079257801
0 PLEIADES 1B             
1 39019U 12068A   16293.72341983  .00000127  00000-0  37166-4 0  9994
2 39019  98.1925   6.4079 0001223  78.3905 281.7432 14.58556745206661
0 PROBA-1                 
1 26958U 01049B   16293.71651447  .00000298  00000-0  31012-4 0  9990
2 26958  97.5293 263.7388 0075185  54.8464 305.9770 14.94865482815591
0 RADARSAT-2              
1 32382U 07061A   16293.90115924  .00000214  00000-0  10000-3 0  9995
2 32382  98.5768 299.0188 0001200  92.1235  21.9409 14.29985750461955
0 RAPIDEYE 1              
1 33314U 08040C   16293.85506152  .00000262  00000-0  41334-4 0  9998
2 33314  97.8415  14.4608 0025482  67.4538 292.9350 14.79969198439815
0 RAPIDEYE 2              
1 33312U 08040A   16293.70878656  .00000267  00000-0  42116-4 0  9995
2 33312  97.8390  14.7648 0013921  56.7942 303.4603 14.79970794439809
0 RAPIDEYE 3              
1 33315U 08040D   16293.68977733  .00000367  00000-0  55363-4 0  9990
2 33315  97.8400  11.9295 0012191  10.1634 349.9820 14.79971678439753
0 RAPIDEYE 4              
1 33316U 08040E   16293.67573670  .00000281  00000-0  43987-4 0  9996
2 33316  97.8373  11.4114 0010275 313.1932  46.8422 14.79966731439740
0 RAPIDEYE 5              
1 33313U 08040B   16293.73169528  .00000587  00000-0  84354-4 0  9995
2 33313  97.8436  12.3715 0015019 288.4471  71.5105 14.79981171439756
0 SENTINEL-1A             
1 39634U 14016A   16293.71014410  .00000001  00000-0  98434-5 0  9990
2 39634  98.1814 298.7949 0001283  74.2891 285.8439 14.59199301135629
0 SJ-9A                   
1 38860U 12056A   16293.83982637  .00000210  00000-0  35152-4 0  9999
2 38860  97.8501   5.3805 0027959 262.3389  97.4647 14.79184114216818
0 SJ-9B                   
1 38861U 12056B   16293.68472074  .00000677  00000-0  94068-4 0  9990
2 38861  97.8573   6.4366 0017232 272.8226  87.1011 14.80961130216815
0 SPOT 5                  
1 27421U 02021A   16293.68897892  .00000063  00000-0  25825-4 0  9994
2 27421  98.4418 350.2872 0135363 344.9799  14.7391 14.51822929750779
0 SPOT 6                  
1 38755U 12047A   16293.70507460  .00000115  00000-0  34513-4 0  9999
2 38755  98.1722 358.7962 0001496  82.3335 277.8036 14.58564804218888
0 TERRA                   
1 25994U 99068A   16293.72424092  .00000140  00000-0  41197-4 0  9993
2 25994  98.2004   6.2090 0001184  88.7944 271.3418 14.57119632895653
0 TERRASAR-X              
1 31698U 07026A   16293.61624198  .00000396  00000-0  22036-4 0  9995
2 31698  97.4467 298.7214 0001702  91.0358 269.1072 15.19145093518352
0 TIANGONG 1              
1 37820U 11053A   16293.88626503  .00025193  00000-0  22466-3 0  9992
2 37820  42.7623 219.1344 0015938 192.4472 231.6971 15.67755570290126
0 THEOS                   
1 33396U 08049A   16293.83405398  .00000038  00000-0  38593-4 0  9999
2 33396  98.7110 359.2482 0001216  84.3164  50.5438 14.20040342417367
0 WORLDVIEW-1 (WV-1)      
1 32060U 07041A   16293.77893356  .00003235  00000-0  13497-3 0  9992
2 32060  97.3829  51.2006 0002128  38.0754 119.7854 15.24383433505624
0 WORLDVIEW-2 (WV-2)      
1 35946U 09055A   16293.70815267  .00000216  00000-0  86291-4 0  9992
2 35946  98.5311   6.1366 0001583  49.0125 311.1204 14.37736890368957
0 YAOGAN 8                
1 36121U 09072A   16292.93572391 -.00000210  00000-0 -52210-3 0  9998
2 36121 100.0991 317.5342 0021072 355.4944   4.5971 13.04913801328465
0 YAOGAN 15               
1 38354U 12029A   16293.76268803 -.00000039  00000-0  18714-4 0  9996
2 38354 100.7112  61.9824 0006741 233.9091 126.1397 13.15696161210935
0 YAOGAN 19               
1 39410U 13065A   16293.71318164  .00000023  00000-0  17837-3 0  9998
2 39410 100.3624   2.8665 0003341 267.6821  92.3909 13.14956931139923
0 YAOGAN 22               
1 40275U 14063A   16293.69832297 -.00000044  00000-0  00000+0 0  9997
2 40275 100.3935  45.3827 0005725 258.2520 101.7953 13.15313862 96029
0 ZIYUAN 1-02C (ZY 1-02C) 
1 38038U 11079A   16293.72067688  .00000105  00000-0  51484-4 0  9997
2 38038  98.3770 359.1001 0001620  94.4859 265.6511 14.35433340253001
0 ZIYUAN 3 (ZY 3)         
1 38046U 12001A   16293.72336907  .00002569  00000-0  11751-3 0  9993
2 38046  97.3168   1.2822 0003078  80.8205  18.0850 15.21406614265390
0 QUICKBIRD 2
1 26953U 01047A   14002.77856299  .00020400  00000-0  36836-3 0  9992
2 26953 097.1477 069.3819 0001716 088.3493 049.7904 15.49756262685906
DMC3-FM1                
1 40715U 15032A   17057.15927139  .00000034  00000-0  13032-4 0  9995
2 40715  98.0529 313.5638 0017073 129.3168 230.9560 14.73695825 87841
DMC3-FM2                
1 40716U 15032B   17057.18186358  .00000060  00000-0  17005-4 0  9992
2 40716  98.0549 313.6403 0014213 136.3598 223.8736 14.73723202 87851
DMC3-FM3                
1 40717U 15032C   17057.13732443  .00000036  00000-0  13329-4 0  9998
2 40717  98.0525 314.3806 0017963 130.2661 230.0125 14.73696188 87843
CBERS 4                 
1 40336U 14079A   17058.84378776 -.00000003  00000-0  13994-4 0  9992
2 40336  98.4635 135.6678 0001585  72.3092 287.8257 14.35457695116726
SPOT 7                  
1 40053U 14034A   17058.90498290 -.00000045  00000-0  00000+0 0  9995
2 40053  98.1673 127.9688 0001211  76.4185 283.7150 14.58559029141948
WORLDVIEW-3 (WV-3)      
1 40115U 14048A   17058.74862418  .00000186  00000-0  28273-4 0  9990
2 40115  97.8776 140.2681 0000925  58.5080 301.6224 14.84780661137869
JILIN 1                 
1 40961U 15057D   17058.85680046  .00000101  00000-0  23279-4 0  9995
2 40961  97.9886 136.4091 0019721  62.6596 297.6608 14.73435264 75051
DEIMOS-1                
1 35681U 09041A   17059.68672447  .00000166  00000-0  34406-4 0  9997
2 35681  97.9661 314.3546 0001345  16.5641 343.5611 14.71639893407189
DEIMOS-2                
1 40013U 14033D   17059.74920851  .00000252  00000-0  35981-4 0  9996
2 40013  97.8937 324.8926 0001508  30.0160 330.1140 14.84813436146118
GEOEYE 1                
1 33331U 08042A   17077.77810851  .00000068  00000-0  22059-4 0  9992
2 33331  98.1168 154.2965 0009522 183.0019 177.1123 14.64084987455872
WORLDVIEW-4 (WV-4)      
1 41848U 16067A   17077.82842387  .00000056  00000-0  12986-4 0  9990
2 41848  97.9543 152.0728 0001824  38.1159 322.0184 14.84711231 18855